0	0	5183.1854719534
1	1	75.574586616198
1	2	19.360688329709
1	3	12.938778934593
1	4	12.994595477072
1	5	11.766147159391
1	6	11.503252580091
1	7	11.006031290263
1	8	11.35407931119
1	9	11.176543062679
1	10	11.231974981028
2	1	16.116903245629
2	2	10.475183468702
2	3	10.691026318749
2	4	11.078115971921
2	5	10.446174840907
2	6	10.666850537676
2	7	10.595592543208
2	8	10.499634525532
2	9	10.556845397268
2	10	10.337758736048
3	1	15.066284493289
3	2	10.163382217079
3	3	10.299533462826
3	4	10.712313491942
3	5	10.218753248423
3	6	10.309876011592
3	7	10.036543553476
3	8	10.230546456532
3	9	10.33599191587
3	10	10.17966986848
4	1	14.294202281666
4	2	9.9750891797913
4	3	9.8653078801532
4	4	10.223807611661
4	5	9.913334116266
4	6	9.8406788453618
4	7	10.002689011144
4	8	9.94476299219
4	9	10.131179417355
4	10	9.9879370406236
5	1	13.51544300464
5	2	9.7489531543068
5	3	9.6566651379236
5	4	10.044580644398
5	5	9.7278403888121
5	6	9.6117409176179
5	7	9.651683247634
5	8	9.8729990195824
5	9	9.6737551193897
5	10	9.6203832239626
6	1	12.975659796693
6	2	9.3415967160342
6	3	9.419064200141
6	4	9.9512329560329
6	5	9.3185762362135
6	6	9.3475036539969
6	7	9.3633294538066
6	8	9.5763777274646
6	9	9.4476448082914
6	10	9.403845413896
7	1	12.23055492298
7	2	9.1416059687967
7	3	9.0308815760194
7	4	9.7007681175415
7	5	9.092010068583
7	6	9.1013881495067
7	7	9.2818493572253
7	8	9.3987012878432
7	9	9.0720226831195
7	10	9.0387701417056
8	1	11.650198911351
8	2	9.0128667368306
8	3	8.8983908755096
8	4	9.5563404397494
8	5	8.7942274048302
8	6	8.9059701188231
8	7	8.9903021633784
8	8	9.229328248455
8	9	8.933117696368
8	10	9.0826931665327
9	1	11.959314042935
9	2	8.8180422030935
9	3	8.9246144608397
9	4	9.2174423690706
9	5	8.7745015872065
9	6	8.8016124705976
9	7	8.9235219370779
9	8	9.0452973742455
9	9	8.7461242510922
9	10	8.9623677684437
10	1	11.001879953651
10	2	8.6332766987949
10	3	8.7040796920476
10	4	9.0162056770776
10	5	8.7644123910573
10	6	8.6392274203572
10	7	8.8959714042383
10	8	8.8210645182302
10	9	8.785546397514
10	10	8.9680540464371
11	1	10.967445746534
11	2	8.5836903816416
11	3	8.5991051112177
11	4	8.883803974963
11	5	8.5297035520338
11	6	8.5202385090788
11	7	8.8671493676338
11	8	8.9072140204819
11	9	8.6737164341006
11	10	8.7000114326032
12	1	10.884068641408
12	2	8.3649405024794
12	3	8.3553459342406
12	4	9.0408999296358
12	5	8.4945829250706
12	6	8.4571165246122
12	7	8.7166789135663
12	8	8.8278423856115
12	9	8.6894881990664
12	10	8.5231567448956
13	1	10.493756184609
13	2	8.426803514359
13	3	8.3301000301489
13	4	8.7761288023364
13	5	8.4807320872187
13	6	8.251883533218
13	7	8.5268680657002
13	8	8.7359836105991
13	9	8.3487776683131
13	10	8.3635676048584
14	1	10.906387650988
14	2	8.2586516478066
14	3	8.135310946431
14	4	8.7593931272035
14	5	8.1192171428708
14	6	8.2486051127986
14	7	8.444134094392
14	8	8.536575464939
14	9	8.0841653700313
14	10	8.2856686723334
15	1	9.9735367023247
15	2	8.1314177725376
15	3	8.1025241518174
15	4	8.6519749485915
15	5	8.1650225216761
15	6	8.1695924715134
15	7	8.5369068466015
15	8	8.3906316741691
15	9	8.1776551450629
15	10	8.2445172528785
16	1	10.266287325302
16	2	8.1290119739079
16	3	7.9821378073451
16	4	8.6011535093025
16	5	8.0521272670066
16	6	8.1564146457614
16	7	8.4014501940212
16	8	8.556683347229
16	9	8.0695468894731
16	10	8.2293304513229
17	1	10.268642807171
17	2	8.0928564366046
17	3	8.013390900454
17	4	8.4773352400306
17	5	7.939323644493
17	6	7.9339814370827
17	7	8.2698621312479
17	8	8.4392944983508
17	9	8.0296363140931
17	10	8.2369233990042
18	1	10.166975369898
18	2	7.8744549358323
18	3	7.7941670599176
18	4	8.4529256150263
18	5	7.8341645630712
18	6	7.9731835136349
18	7	8.1465573759729
18	8	8.404448283722
18	9	7.9100588369987
18	10	8.028579335843
19	1	9.600233821817
19	2	7.8413875240638
19	3	7.934329682761
19	4	8.4262007773818
19	5	7.8112716187882
19	6	7.8218361569042
19	7	7.9928989943373
19	8	8.3108034516578
19	9	7.7205022621091
19	10	7.9675572312642
20	1	9.5865598459867
20	2	7.7718585562394
20	3	7.8336889261857
20	4	8.3455461457077
20	5	7.7302492078482
20	6	7.7063598415894
20	7	7.8980844468128
20	8	8.3639305827251
20	9	7.8978910596865
20	10	7.9961305824352
21	1	9.6932499681983
21	2	7.7623850842628
21	3	7.6786336443226
21	4	8.2532792214616
21	5	7.7863562151864
21	6	7.5594624844314
21	7	7.9609432712438
21	8	8.2417957727861
21	9	7.6036821576604
21	10	7.7743876665044
22	1	9.6482579923643
22	2	7.7746857722978
22	3	7.6632261612356
22	4	8.1517470980434
22	5	7.587623371817
22	6	7.6257928412183
22	7	7.7317621835372
22	8	8.3636226726636
22	9	7.7124521857953
22	10	7.9013228694107
23	1	9.2022220989754
23	2	7.6427946277122
23	3	7.4725633661451
23	4	8.0304222321485
23	5	7.7440007778242
23	6	7.537691705819
23	7	7.9661360560835
23	8	8.1507566344786
23	9	7.5830220933833
23	10	7.7897561535257
24	1	9.464756491614
24	2	7.5752983610171
24	3	7.674450827524
24	4	7.9928856151508
24	5	7.5592286779566
24	6	7.5353383242926
24	7	7.7558494904758
24	8	7.9936489062975
24	9	7.4763347802313
24	10	7.7636806012816
25	1	9.2420930680252
25	2	7.5039310673756
25	3	7.4493890617588
25	4	7.9053417592051
25	5	7.5412354123292
25	6	7.4009539147204
25	7	7.9028594134243
25	8	7.9171558686635
25	9	7.523670940895
25	10	7.7016956524148
26	1	9.0152879772981
26	2	7.5448527513769
26	3	7.4238023289245
26	4	8.1026390991422
26	5	7.4335567916549
26	6	7.3489918425415
26	7	7.8144877922613
26	8	7.8102874491371
26	9	7.3822565626343
26	10	7.6845580079552
27	1	9.1582632612517
27	2	7.3856958866816
27	3	7.349363227201
27	4	7.740137309573
27	5	7.4320988621498
27	6	7.2977041692709
27	7	7.7204381273251
27	8	7.8632800431064
27	9	7.3595635730913
27	10	7.6080139471952
28	1	9.1643436362273
28	2	7.4234176858055
28	3	7.3239071216541
28	4	7.8591821270062
28	5	7.2915654545299
28	6	7.2650074906621
28	7	7.6418226550581
28	8	7.8766152932399
28	9	7.242302337738
28	10	7.5480564370236
29	1	9.109292010704
29	2	7.2932537114656
29	3	7.23861340813
29	4	7.4893464964385
29	5	7.1884327206079
29	6	7.2058244835097
29	7	7.4762607336236
29	8	7.5115721777119
29	9	7.1043357969994
29	10	7.5642343580763
30	1	8.6278280704195
30	2	7.2839720988215
30	3	7.0698641219353
30	4	7.5410374333904
30	5	7.1608756710284
30	6	7.0691775992832
30	7	7.4370154569278
30	8	7.6138968389549
30	9	7.0243760489295
30	10	7.5143968971959
31	1	8.5986134749991
31	2	7.0816422911069
31	3	6.9412713755073
31	4	7.5573711011124
31	5	7.0635655624237
31	6	7.087895117802
31	7	7.2207400300649
31	8	7.5711641891954
31	9	7.0218968806556
31	10	7.5802117112446
32	1	8.4440261364278
32	2	7.2071779387683
32	3	7.0020248305834
32	4	7.389737223216
32	5	7.0698383153797
32	6	6.9728423410489
32	7	7.3036449307878
32	8	7.4884880861731
32	9	6.8563413490571
32	10	7.3722349654283
33	1	8.566424340176
33	2	7.0051948531863
33	3	6.9003061289549
33	4	7.2240683073016
33	5	6.9988613002306
33	6	6.8452043060426
33	7	7.188551837342
33	8	7.3679470215931
33	9	6.8237305673515
33	10	7.3317594908647
34	1	8.5039402359018
34	2	6.9924454901325
34	3	6.9984686718469
34	4	7.242030437467
34	5	6.8560996806517
34	6	6.8946598448139
34	7	7.0585337827529
34	8	7.248431021463
34	9	6.7773289467674
34	10	7.2151871158167
35	1	8.4067394923597
35	2	7.0522725718777
35	3	6.6724907070307
35	4	7.2470574693349
35	5	6.9693694009079
35	6	6.7094089927317
35	7	6.965361532125
35	8	7.1834817476475
35	9	6.7518535705259
35	10	7.2591973059114
36	1	8.5170944359862
36	2	6.8944956605131
36	3	6.8772805648388
36	4	7.3110143365909
36	5	6.9659115613946
36	6	6.770589081975
36	7	6.9273135003066
36	8	7.3216232645592
36	9	6.8383495957059
36	10	7.2975937036527
37	1	8.2935234327032
37	2	6.8926816374397
37	3	6.7408103628849
37	4	7.3072310210463
37	5	6.9415895341413
37	6	6.6984574376163
37	7	6.9571716021918
37	8	7.1714139741624
37	9	6.8211650966059
37	10	7.1569369094635
38	1	8.1900840484709
38	2	6.879684148997
38	3	6.7853204459023
38	4	7.2336085752147
38	5	6.8334203351142
38	6	6.6159132022482
38	7	6.9398664911238
38	8	7.2674821229364
38	9	6.7557872321954
38	10	7.131016586654
39	1	8.0605127041538
39	2	6.7625984502094
39	3	6.8604447209085
39	4	7.1569329207257
39	5	6.8516762399529
39	6	6.5651480989521
39	7	6.908312437241
39	8	7.2591716895949
39	9	6.7585823804002
39	10	7.1873161034395
40	1	8.0213789378115
40	2	6.7934806889997
40	3	6.7130234638026
40	4	7.1233102247676
40	5	6.6669330649974
40	6	6.6722620175241
40	7	6.7997527925481
40	8	7.2320459567999
40	9	6.6041136119651
40	10	6.944738685456
41	1	7.9787984439736
41	2	6.8300249841069
41	3	6.6716739567388
41	4	7.1178038727675
41	5	6.7752860747569
41	6	6.548976747482
41	7	6.9135690857747
41	8	7.0269144640042
41	9	6.6352757646901
41	10	7.0524764313542
42	1	7.9163151227337
42	2	6.7065242763866
42	3	6.7216466297564
42	4	7.0393333491365
42	5	6.6373893047017
42	6	6.5748704727111
42	7	6.7573238135927
42	8	7.0649743972086
42	9	6.557137933498
42	10	7.1578823577201
43	1	7.9310727224996
43	2	6.822691871534
43	3	6.5690964747874
43	4	7.1276926962752
43	5	6.598291229631
43	6	6.5576382389042
43	7	6.7754347399776
43	8	7.0823521395055
43	9	6.6020631833648
43	10	6.9464592126429
44	1	7.8734847756465
44	2	6.7750835516436
44	3	6.6950936881498
44	4	7.0233372632662
44	5	6.7729564135032
44	6	6.6130730227448
44	7	6.6705768818838
44	8	6.9168835691051
44	9	6.58166492385
44	10	6.9969548266497
45	1	8.0028223695167
45	2	6.733964047717
45	3	6.603879716623
45	4	7.0786394891893
45	5	6.688706488178
45	6	6.5311001680899
45	7	6.6659132382126
45	8	7.0539420676473
45	9	6.5351011095948
45	10	6.9057541604701
46	1	7.9204396333914
46	2	6.7446989542506
46	3	6.4701704506796
46	4	7.0310156200195
46	5	6.6651246505074
46	6	6.493023289062
46	7	6.6777904003264
46	8	6.8761232131432
46	9	6.4684535187122
46	10	7.0276385631204
47	1	7.7299958248551
47	2	6.5803164164118
47	3	6.5244248267273
47	4	7.0753675138219
47	5	6.5882327873148
47	6	6.3492397114338
47	7	6.7092620032351
47	8	6.9160498429312
47	9	6.4941792225925
47	10	6.9688854793104
48	1	7.6188032820331
48	2	6.6827693721687
48	3	6.4827999561535
48	4	6.9209625265553
48	5	6.5958417630631
48	6	6.4516288363397
48	7	6.6360398500402
48	8	6.9580114129142
48	9	6.4291729962219
48	10	7.0447536227698
49	1	7.6788892155066
49	2	6.5738425505283
49	3	6.5398920442816
49	4	6.9694904179968
49	5	6.615674420503
49	6	6.4386926697355
49	7	6.5966399580076
49	8	6.9147349949453
49	9	6.4693525821073
49	10	6.9120121588232
50	1	7.4817666508128
50	2	6.5664079945602
50	3	6.6300716318824
50	4	6.9866078274502
50	5	6.5277210810197
50	6	6.4660506649217
50	7	6.5508109199002
50	8	6.8358085189885
50	9	6.456122683125
50	10	6.9289745557396
51	1	7.7277561087979
51	2	6.6370328747631
51	3	6.4955084920921
51	4	6.9162896735424
51	5	6.6476803974388
51	6	6.4407581146476
51	7	6.6133639140524
51	8	6.9447727478746
51	9	6.3302576658657
51	10	6.8636137845584
52	1	7.4938995143272
52	2	6.5935684709388
52	3	6.4262836680118
52	4	6.9267192986636
52	5	6.5212174763752
52	6	6.4826121994051
52	7	6.4895592591862
52	8	6.7644915066182
52	9	6.4258092702804
52	10	6.8601280429517
53	1	7.6415917252613
53	2	6.5390923761305
53	3	6.4770615367349
53	4	6.9274600094869
53	5	6.5696805435636
53	6	6.5235970597325
53	7	6.6507150493282
53	8	6.7856989178099
53	9	6.4147428389806
53	10	6.8109926036161
54	1	7.6415811117597
54	2	6.5012174803735
54	3	6.4515906157171
54	4	6.882003040963
54	5	6.4874184012601
54	6	6.4118855831856
54	7	6.4629541770137
54	8	6.8674948396292
54	9	6.4032261351031
54	10	7.0039662309379
55	1	7.4400314230953
55	2	6.4877282439286
55	3	6.4396931866685
55	4	6.8142304236953
55	5	6.510539029483
55	6	6.3794771660572
55	7	6.4532876068706
55	8	6.9033202642445
55	9	6.465738641117
55	10	6.8346875376528
56	1	7.3782869899027
56	2	6.4577745877515
56	3	6.4312680042778
56	4	6.7798360737364
56	5	6.4611722900077
56	6	6.351639980745
56	7	6.4124143405871
56	8	6.7664429437007
56	9	6.2417537622595
56	10	6.892223162917
57	1	7.2995095448709
57	2	6.4241436365305
57	3	6.3731228620311
57	4	6.7052883671409
57	5	6.3989314360756
57	6	6.4006970718535
57	7	6.5232070768388
57	8	6.9190988578408
57	9	6.2808568741084
57	10	6.9459995169127
58	1	7.5924617753048
58	2	6.5719392512963
58	3	6.3917612883272
58	4	6.7470931068984
58	5	6.3931657803997
58	6	6.3934689753799
58	7	6.5372022067809
58	8	6.6658088406747
58	9	6.3750257679319
58	10	6.9479340251031
59	1	7.1790761997608
59	2	6.6671142536456
59	3	6.4221061088417
59	4	6.8544095656238
59	5	6.4016130323623
59	6	6.3467747072562
59	7	6.5547784984258
59	8	6.723759453539
59	9	6.3841744632381
59	10	6.7871897744608
60	1	7.5111838736985
60	2	6.5505619837733
60	3	6.4962193464345
60	4	6.7146240367762
60	5	6.3828808405271
60	6	6.2787180574065
60	7	6.4720191852149
60	8	6.6919036992373
60	9	6.3452065173391
60	10	7.0111856120548
61	1	7.3342946764986
61	2	6.5084358401518
61	3	6.468657767544
61	4	6.7731976534193
61	5	6.4399649255021
61	6	6.2964727758899
61	7	6.435935215476
61	8	6.7952349987226
61	9	6.3896362595922
61	10	6.9314108049634
62	1	7.5197231718265
62	2	6.33511479773
62	3	6.2786054191504
62	4	6.6545992079943
62	5	6.3704600786916
62	6	6.4578570557237
62	7	6.4223413995841
62	8	6.7480454255028
62	9	6.3483672145578
62	10	6.8656357820697
63	1	7.4004259275358
63	2	6.4349363583686
63	3	6.3890701654701
63	4	6.7646437451731
63	5	6.3328029253017
63	6	6.2864828414078
63	7	6.4013617703993
63	8	6.7193554521993
63	9	6.3020722690139
63	10	6.816660967649
64	1	7.2805486338673
64	2	6.4796935876746
64	3	6.3008764300259
64	4	6.8003829205134
64	5	6.4272968144747
64	6	6.3018021667805
64	7	6.419742190411
64	8	6.670226813289
64	9	6.3626260390142
64	10	6.8512349420687
65	1	7.3529911881417
65	2	6.552386173049
65	3	6.2698815467556
65	4	6.7733714387407
65	5	6.3978789691678
65	6	6.2454999697789
65	7	6.4005384546117
65	8	6.7072904891105
65	9	6.3230788126624
65	10	6.7415731067661
66	1	7.3599630724352
66	2	6.5197425133701
66	3	6.3672033164962
66	4	6.6992212420968
66	5	6.3919888456222
66	6	6.2831845256012
66	7	6.3698818472644
66	8	6.7057564221138
66	9	6.3289030563754
66	10	6.7534224143894
67	1	7.225354627825
67	2	6.3532685846952
67	3	6.2713082164718
67	4	6.7317943702142
67	5	6.4200072694104
67	6	6.2851609070634
67	7	6.3739827187267
67	8	6.7246498751935
67	9	6.2589017860542
67	10	6.7540712597738
68	1	7.3066435119812
68	2	6.3432668620921
68	3	6.3729558459237
68	4	6.6501592193063
68	5	6.3874704353629
68	6	6.2635749564011
68	7	6.2983250634521
68	8	6.7519362901202
68	9	6.2913836082103
68	10	6.8012571984606
69	1	7.3548102235168
69	2	6.3654574302556
69	3	6.3318100298509
69	4	6.7848683819356
69	5	6.2746014279744
69	6	6.2754655009313
69	7	6.2963663564047
69	8	6.7187209234862
69	9	6.2931345587682
69	10	6.8076713198021
70	1	7.3080380197083
70	2	6.4467754315162
70	3	6.3205205641106
70	4	6.7377745035881
70	5	6.4497033126084
70	6	6.2134759877987
70	7	6.2733273944579
70	8	6.6170093125742
70	9	6.3503350122354
70	10	6.8641864445612
71	1	7.1799089019824
71	2	6.5021137850368
71	3	6.3443555837171
71	4	6.6971847865662
71	5	6.3861872492739
71	6	6.1980956169067
71	7	6.3668532493715
71	8	6.7067820954272
71	9	6.1959211448207
71	10	6.7526725162452
72	1	7.1155536032523
72	2	6.4203550988568
72	3	6.2665037569794
72	4	6.6243840712176
72	5	6.4167708063545
72	6	6.2042749127046
72	7	6.4443474954206
72	8	6.7267760807089
72	9	6.196054211398
72	10	6.8402770299615
73	1	7.1951125277912
73	2	6.3805017219721
73	3	6.2498928097938
73	4	6.7542743823413
73	5	6.2776791439932
73	6	6.2716569626674
73	7	6.3077633333216
73	8	6.6181782075308
73	9	6.2551667813322
73	10	6.7708407288628
74	1	7.1570228007078
74	2	6.4559502678982
74	3	6.2939595803788
74	4	6.7548604600058
74	5	6.362785705613
74	6	6.2644419296589
74	7	6.4134318745542
74	8	6.7983390977496
74	9	6.2908064859195
74	10	6.7908451300363
75	1	7.3121154135847
75	2	6.3688596042087
75	3	6.2453724616489
75	4	6.5809950896773
75	5	6.2856842914658
75	6	6.2549645472745
75	7	6.4064443969041
75	8	6.6569610106228
75	9	6.1241366592956
75	10	6.7269583686905
76	1	7.2094205685031
76	2	6.3550509952634
76	3	6.2138275527772
76	4	6.6807302389607
76	5	6.319011002427
76	6	6.2193462010324
76	7	6.3324557708085
76	8	6.6193634096511
76	9	6.2534109233632
76	10	6.7516647972934
77	1	7.1340114018685
77	2	6.4127768868552
77	3	6.3155872911969
77	4	6.7095719908089
77	5	6.3440300741315
77	6	6.1514903815236
77	7	6.1993674511927
77	8	6.527336866111
77	9	6.2853081966739
77	10	6.7118489302139
78	1	7.1093551035397
78	2	6.3815947785602
78	3	6.1965097489708
78	4	6.7145195366119
78	5	6.2773016470969
78	6	6.2063978789108
78	7	6.3040240826414
78	8	6.5820931281197
78	9	6.2871810755907
78	10	6.7415543605571
79	1	7.1724735957957
79	2	6.3691541523625
79	3	6.1717234297115
79	4	6.694470506928
79	5	6.2809279885582
79	6	6.2573157803147
79	7	6.3431504114739
79	8	6.5489170518584
79	9	6.248386812464
79	10	6.7352344746434
80	1	7.151767723269
80	2	6.4011950019064
80	3	6.3343713567839
80	4	6.6650380129141
80	5	6.2519943867965
80	6	6.2132483648666
80	7	6.3739952739629
80	8	6.5908175676666
80	9	6.1496236772869
80	10	6.7097479685346
81	1	7.1293860336713
81	2	6.3773486091781
81	3	6.2800769542036
81	4	6.6020579340007
81	5	6.2283212326672
81	6	6.1638907428323
81	7	6.320435062884
81	8	6.6367233327204
81	9	6.2770227211901
81	10	6.7069650171924
82	1	7.2391772628449
82	2	6.3564568824726
82	3	6.1752068142556
82	4	6.6583159594688
82	5	6.3363466314343
82	6	6.1728033229129
82	7	6.3371013720337
82	8	6.5740358276594
82	9	6.2067349322988
82	10	6.7074394731971
83	1	7.2108423330621
83	2	6.3429667075479
83	3	6.3396183001334
83	4	6.6179633509475
83	5	6.23303827404
83	6	6.1718179048135
83	7	6.3933088678832
83	8	6.5715793400518
83	9	6.2292515098178
83	10	6.5913870967412
84	1	7.1904625537881
84	2	6.3220875174591
84	3	6.232371188364
84	4	6.6565105725649
84	5	6.261454366018
84	6	6.1788350656417
84	7	6.297356085322
84	8	6.583365315951
84	9	6.1850434240105
84	10	6.8551657431797
85	1	7.0967785657557
85	2	6.384883492897
85	3	6.1801009449875
85	4	6.6867763143701
85	5	6.4035975313841
85	6	6.1130990459187
85	7	6.3044270392151
85	8	6.6059409136485
85	9	6.2241337318043
85	10	6.6333749246862
86	1	7.1520339680048
86	2	6.3781933082469
86	3	6.1878182877878
86	4	6.6066389502752
86	5	6.3005710870351
86	6	6.2007761023574
86	7	6.2531819622942
86	8	6.5750769464461
86	9	6.1182817908422
86	10	6.7437977288215
87	1	7.0539485046728
87	2	6.3055564359737
87	3	6.181678157738
87	4	6.5685160883688
87	5	6.1561286369558
87	6	6.0764424874819
87	7	6.3209604526907
87	8	6.5180985517767
87	9	6.3220409149481
87	10	6.6658014931747
88	1	7.0539751377113
88	2	6.3124037421582
88	3	6.1612722466884
88	4	6.6692284379461
88	5	6.2308791108562
88	6	6.1209174445952
88	7	6.2595808521496
88	8	6.5610496483319
88	9	6.2714641168756
88	10	6.5773651517012
89	1	6.9164658793787
89	2	6.3905924025437
89	3	6.1936236171997
89	4	6.7169930333607
89	5	6.2962238652507
89	6	6.0936064397723
89	7	6.2986580136797
89	8	6.4513219204784
89	9	6.2077153087694
89	10	6.7347929993324
90	1	6.9840316727702
90	2	6.3093789092265
90	3	6.224004556102
90	4	6.5012068994548
90	5	6.2660434612243
90	6	6.1666017031892
90	7	6.2643707681307
90	8	6.5283485407437
90	9	6.2393360121429
90	10	6.6729131856965
91	1	7.1522091868027
91	2	6.4505811371393
91	3	6.2547304580192
91	4	6.5918232965019
91	5	6.2456415783242
91	6	6.1367855981099
91	7	6.1173462024098
91	8	6.5018962692948
91	9	6.1382793339139
91	10	6.639261911729
92	1	7.2109401139386
92	2	6.296431180292
92	3	6.2932369976478
92	4	6.6905080893547
92	5	6.2009591543091
92	6	6.0544219456576
92	7	6.1997121437375
92	8	6.5400630171984
92	9	6.1206026084322
92	10	6.5404754240069
93	1	7.1790267641613
93	2	6.3363697942725
93	3	6.2356575434093
93	4	6.6294979619144
93	5	6.3334900478324
93	6	6.1668165567318
93	7	6.2666659313266
93	8	6.4870143966116
93	9	6.1448305661495
93	10	6.7371608627237
94	1	7.1367109968347
94	2	6.2750201393009
94	3	6.1777966196823
94	4	6.5119840378187
94	5	6.2281268879262
94	6	6.1643209583535
94	7	6.2097902526725
94	8	6.4680244754624
94	9	6.1380208697273
94	10	6.6354714992163
95	1	6.9737734722276
95	2	6.294978403849
95	3	6.1177937277905
95	4	6.5330695329483
95	5	6.1676861937631
95	6	6.2358291999424
95	7	6.1067710447721
95	8	6.5151693103975
95	9	6.1576969483703
95	10	6.6101653765607
96	1	7.1268577945284
96	2	6.2245877211834
96	3	6.1964114914435
96	4	6.5663228268137
96	5	6.218279124886
96	6	6.0976372035124
96	7	6.1097982188758
96	8	6.3965972670385
96	9	6.1579551702857
96	10	6.6504540240514
97	1	6.8814318924238
97	2	6.3326643240263
97	3	6.2104534636899
97	4	6.6847778360958
97	5	6.153857173989
97	6	6.1984897090151
97	7	6.1583241283745
97	8	6.4664858319019
97	9	6.1573900626988
97	10	6.65337659926
98	1	7.0080388728356
98	2	6.3021027956276
98	3	6.2019777996218
98	4	6.6188492201122
98	5	6.1495702214207
98	6	6.173184556421
98	7	6.188685714849
98	8	6.4381910454854
98	9	6.1817649875526
98	10	6.8119394094239
99	1	7.0148569973454
99	2	6.2458269626936
99	3	6.1869495157539
99	4	6.5535189282253
99	5	6.1442217608744
99	6	6.1324102424902
99	7	6.1848842660358
99	8	6.4516965107752
99	9	6.2245443593231
99	10	6.610270982924
100	1	7.0402110009718
100	2	6.2637862195927
100	3	6.3018157478889
100	4	6.4267235517079
100	5	6.1778002568622
100	6	6.0589628382804
100	7	6.0780663715403
100	8	6.466501661961
100	9	6.1431722498591
100	10	6.6196164124513
101	1	6.8903163589298
101	2	6.2749601883911
101	3	6.122729312898
101	4	6.5395809583133
101	5	6.1160539841323
101	6	6.072588766456
101	7	6.2116758982749
101	8	6.4664659205039
101	9	6.2703958420689
101	10	6.5551035771198
102	1	7.0672358144899
102	2	6.1269887687128
102	3	6.0572296340026
102	4	6.570202417966
102	5	6.1066756816425
102	6	6.1148887259554
102	7	6.2032494820812
102	8	6.4516710648008
102	9	6.092543275272
102	10	6.5966762509026
103	1	7.0623708356637
103	2	6.2725940862783
103	3	6.1902391370332
103	4	6.5465804924153
103	5	6.1992450601726
103	6	5.9596977786294
103	7	6.1663577399858
103	8	6.264613642947
103	9	6.1643048385659
103	10	6.4748267486503
104	1	6.9651754291867
104	2	6.3255289142572
104	3	6.0192167915909
104	4	6.4539546301741
104	5	6.0821106723146
104	6	6.0477342860829
104	7	6.1325245691087
104	8	6.3456885289708
104	9	6.2158609146567
104	10	6.5328160773885
105	1	7.1284660607216
105	2	6.2339611298046
105	3	6.0509335120805
105	4	6.6403723340646
105	5	6.1430838386138
105	6	6.0747966761163
105	7	6.0691097064873
105	8	6.3776630681389
105	9	6.1173505004683
105	10	6.6773134518503
106	1	7.1267918524522
106	2	6.1028789166549
106	3	6.1371387251542
106	4	6.47478267935
106	5	6.1886808491921
106	6	6.055327796794
106	7	6.1825256833079
106	8	6.3303988648451
106	9	6.1320088889675
106	10	6.6171550777105
107	1	6.9036556554075
107	2	6.2064915590516
107	3	6.0648398966227
107	4	6.4931796484534
107	5	6.0748952292994
107	6	6.0783982189124
107	7	6.1409486126851
107	8	6.4005949026543
107	9	6.0961238430251
107	10	6.5188863809565
108	1	6.9770514815133
108	2	6.2295024677697
108	3	6.0785838232313
108	4	6.3868296154876
108	5	6.0930429751739
108	6	6.1196543448655
108	7	6.1769525106681
108	8	6.3562468392334
108	9	6.1961220279757
108	10	6.5167770241821
109	1	6.8867151043703
109	2	6.1431247540329
109	3	6.0940034899817
109	4	6.4134743508039
109	5	6.1329447349112
109	6	5.9520133805091
109	7	6.0985828883338
109	8	6.4819809825809
109	9	6.1081062225746
109	10	6.6778522897966
110	1	6.8820506033596
110	2	6.2727941229735
110	3	6.1295389238831
110	4	6.5326104779004
110	5	6.05618608873
110	6	5.9717875346316
110	7	6.1799352397465
110	8	6.4425597667002
110	9	6.040445765998
110	10	6.4707499986426
111	1	7.0562606943233
111	2	6.3908795359119
111	3	6.151076075481
111	4	6.4188162716713
111	5	6.100856842762
111	6	5.9686638052508
111	7	6.1555652311657
111	8	6.3274948300444
111	9	6.1145799703286
111	10	6.7366859259627
112	1	7.1448631705395
112	2	6.2616360800863
112	3	6.099686165944
112	4	6.4897621098555
112	5	6.0870185049722
112	6	6.1342658142083
112	7	6.1190787467109
112	8	6.322994323022
112	9	6.1383169501833
112	10	6.6071555474453
113	1	6.6582269157673
113	2	6.2373227491094
113	3	6.0617855782847
113	4	6.5349408060228
113	5	6.1901321678184
113	6	6.0295346458382
113	7	6.0871726681199
113	8	6.3093293590888
113	9	6.2203286761503
113	10	6.5923399698939
114	1	6.8910834584316
114	2	6.2224942022483
114	3	6.0291557596058
114	4	6.4559517243526
114	5	6.1655245759756
114	6	5.9778385779992
114	7	6.1055982981906
114	8	6.4356986627406
114	9	6.0473057656988
114	10	6.6589683612284
115	1	6.8545620068784
115	2	6.2892706482593
115	3	6.1380919265089
115	4	6.450240229647
115	5	6.2251980718876
115	6	6.0891958833688
115	7	6.0401542432976
115	8	6.4193454486285
115	9	6.1362034010532
115	10	6.5854222881177
116	1	6.8697819348992
116	2	6.3609105373115
116	3	6.0210093185241
116	4	6.4198462977575
116	5	6.171347785302
116	6	5.9669256721918
116	7	6.1109570613925
116	8	6.1635665508331
116	9	6.1402213900964
116	10	6.5055940143868
117	1	6.8882895038379
117	2	6.2146071706842
117	3	6.0575486812035
117	4	6.3530957312157
117	5	6.0424034579415
117	6	5.9961510246791
117	7	6.1189848593748
117	8	6.3622862495081
117	9	6.0311190473244
117	10	6.553587565008
118	1	6.7930874061242
118	2	6.1703103378164
118	3	5.9958914462388
118	4	6.4708180389832
118	5	6.0807420943897
118	6	5.9274943912589
118	7	6.0863947600223
118	8	6.3285339605165
118	9	6.0811132753643
118	10	6.706027257933
119	1	6.8021734740267
119	2	6.2361005940338
119	3	6.0128237382895
119	4	6.3798879447468
119	5	6.053096680485
119	6	6.0352847901144
119	7	6.0754174654477
119	8	6.2823105980923
119	9	6.0879496921869
119	10	6.5904487334327
120	1	7.004666674172
120	2	6.2124662698868
120	3	5.9722144060931
120	4	6.4025931703163
120	5	6.13114448728
120	6	6.0331529870526
120	7	6.0186479983652
120	8	6.3665985493853
120	9	6.0963137948256
120	10	6.5050256809721
121	1	6.8137056975402
121	2	6.3045496387036
121	3	6.1158428674713
121	4	6.4005601719881
121	5	6.0425563976876
121	6	6.0002496030872
121	7	6.1349009841428
121	8	6.3007503053361
121	9	6.0802256655612
121	10	6.5583661294724
122	1	6.9057496229145
122	2	6.2747984438735
122	3	6.0207164992866
122	4	6.4853947635864
122	5	6.1143416542997
122	6	5.9352844733593
122	7	5.962816679656
122	8	6.2937106436858
122	9	6.0469387583653
122	10	6.5623292254294
123	1	6.8626131743135
123	2	6.278188846566
123	3	6.0939426403505
123	4	6.2982374552792
123	5	6.0785449384079
123	6	5.9290889185172
123	7	6.0377953219132
123	8	6.3876987045946
123	9	6.0689840783918
123	10	6.572341655519
124	1	6.7739226794129
124	2	6.2375493311999
124	3	6.0160569809005
124	4	6.3817586515402
124	5	6.1333273360439
124	6	6.0586721428398
124	7	6.0018646125507
124	8	6.2971501819821
124	9	6.0859535276938
124	10	6.5640630969798
125	1	6.7593517675467
125	2	6.2503669608342
125	3	5.9898072692952
125	4	6.3269034234264
125	5	6.0606928225142
125	6	5.9146103703305
125	7	6.1102804572141
125	8	6.4149005907283
125	9	6.030434874905
125	10	6.3852568091359
126	1	6.7925085495762
126	2	6.1216420599808
126	3	6.0316064720763
126	4	6.339105359595
126	5	6.0206282686125
126	6	5.9912032534304
126	7	6.0187550656535
126	8	6.4154747559899
126	9	5.9851953355072
126	10	6.6241246689378
127	1	6.9327720140474
127	2	6.2960721365898
127	3	6.1440898700559
127	4	6.5401944929277
127	5	6.0347810269315
127	6	5.9884772912706
127	7	6.0494941408329
127	8	6.2917092976537
127	9	6.0661347909918
127	10	6.5042310724142
128	1	6.7145200695826
128	2	6.1579994473675
128	3	6.1366466538734
128	4	6.5094129847251
128	5	5.9713616760891
128	6	5.9564467712667
128	7	5.9908793675049
128	8	6.2897676816083
128	9	6.0902837397959
128	10	6.3503324199415
129	1	6.6833106740252
129	2	6.2791245155828
129	3	6.0795431131234
129	4	6.3350197040536
129	5	6.0859132411391
129	6	5.9615172614573
129	7	5.9984767702913
129	8	6.3593051049684
129	9	6.088472317216
129	10	6.6857420294934
130	1	6.8471628563918
130	2	6.1455100520371
130	3	5.9772816112741
130	4	6.3966533722767
130	5	5.9103071956993
130	6	5.9238106989365
130	7	6.058231735263
130	8	6.2218465658003
130	9	5.982768837272
130	10	6.4687619305055
131	1	6.6815173867362
131	2	6.1156717065319
131	3	5.9694477824661
131	4	6.2846415950596
131	5	6.04741619927
131	6	5.9270158224006
131	7	5.9755079258212
131	8	6.2799744764787
131	9	6.0359976046408
131	10	6.5300816839311
132	1	6.7952807249785
132	2	6.2125609234437
132	3	6.0700750074823
132	4	6.3174148260416
132	5	6.0486902374114
132	6	5.8908666772025
132	7	6.057581615038
132	8	6.2019796947443
132	9	6.0055211889671
132	10	6.4534335372509
133	1	6.7648231223212
133	2	6.2915972956316
133	3	5.9854376839889
133	4	6.3834688439639
133	5	5.9883302375335
133	6	5.9556148008845
133	7	6.1229105575399
133	8	6.2713385416615
133	9	5.9893814576479
133	10	6.5510283900094
134	1	6.7560269889119
134	2	6.1811558463766
134	3	5.9765391925208
134	4	6.3710950686745
134	5	6.0436496729663
134	6	6.0249093170401
134	7	6.121802259125
134	8	6.1676798595806
134	9	5.9973020463813
134	10	6.5828541753066
135	1	6.8524308862103
135	2	6.1401352018564
135	3	5.9668224064402
135	4	6.3520623168803
135	5	6.1081181132982
135	6	5.969612759806
135	7	5.9079252800506
135	8	6.349941131135
135	9	5.8885369473493
135	10	6.4946139182247
136	1	6.8569725982131
136	2	6.0171968753684
136	3	6.0424653145762
136	4	6.3536880846636
136	5	5.9928668021604
136	6	5.983959495378
136	7	5.9509122304922
136	8	6.1832471873988
136	9	5.9934029635055
136	10	6.5484945344266
137	1	6.8071188116994
137	2	6.0216417504753
137	3	5.9961132175134
137	4	6.3522034429921
137	5	6.0632991696325
137	6	6.0145114981115
137	7	6.0169266437718
137	8	6.3159493799587
137	9	6.0101893476479
137	10	6.4730620164148
138	1	6.7318102532414
138	2	6.2701373752265
138	3	5.965352616161
138	4	6.4143690436337
138	5	6.0011551448518
138	6	6.0723175842073
138	7	6.0231179013973
138	8	6.3008413688096
138	9	5.9493079132035
138	10	6.3848786799775
139	1	6.7127761408228
139	2	6.241718287889
139	3	6.0181635427554
139	4	6.2614869232905
139	5	6.1599054946676
139	6	5.8335712690031
139	7	5.988615282131
139	8	6.1777352179113
139	9	6.0019852910224
139	10	6.5265225045039
140	1	6.7079009752582
140	2	6.1471224550636
140	3	5.9527340350338
140	4	6.3123965895334
140	5	5.9209562276431
140	6	5.9653702092687
140	7	5.9901516367562
140	8	6.2552982032997
140	9	6.1047584468729
140	10	6.5613282726676
141	1	6.6728328476488
141	2	6.117605951166
141	3	6.035714288484
141	4	6.4283706769988
141	5	5.9849132634051
141	6	6.0332013237318
141	7	6.0602398361279
141	8	6.2159867386447
141	9	5.9912871782882
141	10	6.5273228182006
142	1	6.853594783844
142	2	6.1643117951433
142	3	5.9141694154872
142	4	6.3275084190275
142	5	5.9996789625272
142	6	5.9223395815757
142	7	5.9815277045981
142	8	6.2936456170552
142	9	6.1179278740418
142	10	6.3933973299998
143	1	6.7734358763593
143	2	6.205825732392
143	3	5.9254762448213
